44
12
9
15
3
8
15
9
15
0
2
16
19
12
1
7
10
9
6
12
9
9
3
9
9
9
9
6
0
1
8
9
9
6
8
6
16
15
0
3
18
15
13
4
12
12
12
12
3
15
12
9
15
0
9
9
6
3
2
10
18
2
11
20
20
4
11
8
11
19
9
12
9
9
9
16
9
20
16
17
12
9
14
4
12
6
6
9
3
3
0
3
12
0
12
3
12
6
9
6
6
12
3
0
12
6
12
12
15
6
35
43
62
31
33
41
38
12
9
2
12
12
8
6
13
12
9
6
9
6
9
3
12
3
0
0
15
9
15
6
12
6
3
6
15
15
24
40
48
26
59
47
37
3
3
0
15
12
9
7
8
15
7
18
13
15
26
37
68
52
36
6
9
12
6
0
6
6
6
0
0
6
9
9
12
15
4
7
12
18
39
23
25
43
11
53
36
46
43
64