20
48
61
45
47
42
25
51
55
30
38
54
11
48
29
53
50
51
64
58
41
21
57
61
61
31
51
54
60
39
32
41
31
54
32
54
44
35
70
37
32
25
37
26
38
38
18
48
47
35
18
31
55
60
61
61
64
27
58
50
32
58
49
20
20
56
39
32
49
31
41
28
31
41
21
14
41
30
24
33
58
21
56
46
18
34
34
21
47
57
50
37
38
50
38
57
28
34
41
44
54
38
17
40
38
24
58
48
45
44
15
17
8
19
17
9
12
48
51
68
38
48
22
24
37
28
31
54
31
64
41
27
18
57
30
50
15
51
25
34
58
54
67
44
55
45
6
10
2
4
1
3
3
27
67
30
25
58
61
43
52
35
63
32
27
55
14
13
2
8
14
34
31
28
44
40
44
24
54
60
40
24
31
31
48
35
46
63
28
32
11
17
15
17
19
17
14
14
17
6