245
256
237
222
215
248
214
250
260
250
228
228
217
238
235
232
244
240
250
223
236
231
242
226
236
233
246
240
236
255
248
222
230
256
211
251
252
249
224
235
215
250
232
229
249
220
238
234
250
242
217
243
228
243
253
216
240
259
230
240
214
239
222
225
256
249
224
253
231
239
215
225
259
248
259
216
250
238
216
223
221
228
241
250
231
245
234
218
236
235
245
224
238
227
215
236
223
212
247
222
217
236
251
240
234
247
245
244
236
251
242
228
229
217
256
245
222
243
234
230
253
233
241
228
249
216
217
216
246
232
256
246
246
235
230
226
217
256
234
243
242
252
216
222
236
252
228
219
228
242
249
228
239
234
234
242
249
231
225
217
216
216
217
246
246
225
252
246
250
249
215
254
248
231
244
241
231
235
230
238
237
226
244
235
218
234
235
242
253
244
228
214
254
219
254
220
224
249
231
227